depth	Lindavia_aff._minuta_(Cyclotella_minuta)	Aulacoseira_subarctica	Stephanodiscus_sp.	Cyclotella_antiqua_Smith.	Lindavia_ocellata	Discostella_stelligera	Tabellaria_flocculosa	Ellerbekia_arenaria	Pseudostaurosira_parasitica var. subconstricta	Staurosira_pseudoconstruens	Staurosira_binodis_(Pseudostaurosira_construens_var._binodis)	Staurosira_lapponica	Staurosirella_leptostauron	Punctistriata_discoidea	Other_benthic	Planktonic	Planktonic-benthic	Benthic	D_(Total_diatoms)	S_(Stomatocysts)
1	88.8	130.8	1.8	0	0.8	0	0	0	0	7.2	0	0.4	8.2	0	3	221.4	0.8	18.8	241	9.6
2	197	223.4	10.6	0.6	3.2	1.2	0.4	0	4.6	4.6	16	0.2	14.6	2	26	431.6	9.4	63.4	504.4	17.2
3	281.2	304.2	11.2	0	0.6	0	1	1.2	13.8	15.2	0	1.2	19.6	2	24	596.6	16.6	62	675.2	22.4
4	407.6	727.2	22.2	0	0.2	0	0.2	0	26.6	24.6	13.2	0.8	14.4	6	62.8	1157	27	121.8	1305.8	32.8
5	112.8	188.8	6.8	2	0	0.4	0	0	6.6	0.6	0	0.4	11.6	2.8	20.4	310.4	7	35.8	353.2	7.6
6	237.8	233.6	14.4	0.8	0	0	0.4	0.4	12.2	6.6	5.2	2	5.6	2	52.6	486.6	13	74	573.6	26.4
7	153	343.2	11.8	2.8	0	0	0	0.4	3.6	3	0	0.4	3.8	1.2	16	510.8	4	24.4	539.2	16.4
8	332.8	180.4	27.2	0	0	0	0	0.6	9.4	5	8	0.4	9.6	3.6	25	540.4	10	51.6	602	35
9	23.2	50.6	3.2	0	0	0	0.2	0	6.2	2	0	0	3.2	0.6	6	77	6.4	11.8	95.2	12.4
10	307	126.4	27.6	0	0	1.4	0	0.2	8.6	7.6	0	0.4	9.2	1	16.2	461	10.2	34.4	505.6	35
11	259.2	250.2	7.6	0	0.6	0.2	0	0.8	6.6	7.6	0	1.2	10.6	1	13.8	517	8.2	34.2	559.4	20.2
12	254	454.8	17.6	0	0	0	0	0	0	10.8	6.4	2.8	17.6	4.8	26	726.4	0	68.4	794.8	50.8
13	124.2	121.2	1.6	0	0	0	0	0	4.8	3.4	0	0.4	5	0.8	6	247	4.8	15.6	267.4	17
14	217.8	266.6	10.4	0	0	0	0.2	0.2	10.4	6	0	1.4	13.2	0.2	12.4	494.8	10.8	33.2	538.8	24.2
15	146	157.8	1.6	2	0	0	0.6	0	0	3.4	2.4	0	7.6	1.2	7.6	307.4	0.6	22.2	330.2	9.2
16	149.6	223.2	13.8	1.2	0.6	1.4	0	0	4	7.8	0	2.6	8.4	7	24.6	387.8	6	50.4	444.2	17
17	77	439.2	2.8	0	0	0	0.2	0	11	4.2	0	0.4	7.6	0.4	5	519	11.2	17.6	547.8	11.4
18	136.4	463.2	9.8	0.4	0.8	0	0	0	5	9	0	1.8	8.8	0.4	17.2	609.8	5.8	37.2	652.8	17.6
19	57.6	377.2	2.4	1.2	0	0	0	0	2	2	0	0.4	4.4	0	2.4	438.4	2	9.2	449.6	11
20	152.8	841.6	11.6	0.8	0.4	0	0	0.2	3.4	2.8	2.8	3.4	7.8	1.6	13.2	1006.8	4	31.6	1042.4	18.2
21	40	254.8	1.2	0.2	0	0	0.2	0	0	2	0	0	1.2	0.4	4	296.2	0.2	7.6	304	6.4
22	46.8	119.2	1.2	0	0.4	0	0	0.2	0.2	0	0	0.2	0.8	0.8	1.6	167.2	0.8	3.4	171.4	3.4
23	125.6	899	4.6	0.4	2.4	1.6	0	0	4.8	1.6	0	1.6	9.2	0.4	9.4	1029.6	8.8	22.2	1060.6	12.4
24	118.4	741.6	4.6	0	7	0.6	0	0	0.4	5	5.6	1.6	3	1.2	7.6	864.6	8	24	896.6	22.6
25	119.8	979.2	2.2	1.8	47.2	0.4	0	0	6.6	5.2	3.4	1.4	5.6	0	9.2	1103	54.2	24.8	1182	24.8
26	40	297.4	0.8	1	122.2	3.2	0.4	0	1.2	0.2	0	0.2	4	0.8	4.6	339.2	127	9.8	476	11
27	27.2	80.8	2.2	0	0	0.8	0	0	1.2	3.6	0	0.2	6.6	1	2	110.2	2	13.4	125.6	7.8
28	158	1491.2	4.4	1.2	112.8	0	0	0	6.4	3.2	6.4	6	10.8	3.2	16.4	1654.8	119.2	46	1820	11.2
29	78	113	1.2	0.2	45	0	0	0	0.8	0	0.4	0	1.6	0	4.4	192.4	45.8	6.4	244.6	6.4
30	127.8	0.8	0	0.8	99.6	0	0	0	2.8	4	1	1	10.2	4.4	6.4	129.4	102.4	27	258.8	19.4
31	22.8	2.2	0	0.6	51.8	1.6	0	0	0.8	2.4	0	0	3.8	0.4	2	25.6	54.2	8.6	88.4	8.8
32	295.6	0	0	0.8	557.2	0.8	0.8	0	15.2	18.4	13.6	2.8	61.6	4.8	63.6	296.4	574	164.8	1035.2	47.6
33	141.2	1	0	1.4	202.4	0	0	0.4	2.8	3.8	1.2	0.4	8.6	1	10.4	143.6	205.6	25.4	374.6	19
34	62.2	0	2.8	0	51	0	0	0	0	0	0	0	0	0	9.6	65	51	9.6	125.6	5.2
35	46.8	0.2	0	0.4	43.8	0	0.4	0	1.6	1	0.4	0	5.4	1.2	10.6	47.4	45.8	18.6	111.8	5.2
36	27	2.2	1.2	0	6	0	0	0	0.6	3.4	0	0.4	14	1.2	20.8	30.4	6.6	39.8	76.8	8.6
37	49.6	0	2.6	1.4	24.4	0	0	0	3.4	5	2.4	3.6	46.4	3.2	20.8	53.6	27.8	81.4	162.8	6
38	27	1	0.2	0.4	9	0.2	0	0	1	1.6	0.4	0	21.6	1	13.2	28.6	10.2	37.8	76.6	2
39	97.4	5.2	4.8	1.6	109.6	0.8	0.2	0	6	8.8	1.2	0.2	30.2	1.6	11.4	109	116.6	53.4	279	23
40	115.8	0	0	0.8	129.2	0	0	0	0.2	1	0	0	18.8	1.6	10	116.6	129.4	31.4	277.4	19.4
41	115.8	2	30.8	1.6	142.6	1	0.4	0.2	0	1.8	2.6	0.4	0	0	7.8	150.2	144.2	12.6	307	15.6
42	69.4	0	14.4	1.2	63.4	1.2	0	0	0	2.6	0	0.2	2.8	0	4.4	85	64.6	10	159.6	7.6
43	95.2	6.4	11.6	0.4	133.4	0.2	0	0.2	1.4	2.6	1.2	0	0	0.4	5.8	113.6	135.2	10	258.8	8.8
44	83	18.8	14.4	0.4	100.2	0.4	0	0	3.6	2.8	0	0	1.6	0.4	3.2	116.6	104.2	8	228.8	17.2
45	105.2	76.8	18	0.4	49.4	0.8	0	0	0.6	0.8	1.6	0	0	0	8.8	200.4	50.8	11.2	262.4	12.6
46	369.4	0	48.8	1.2	153.4	0	0.2	0	2.6	7	0	0.8	2	2.4	14.4	419.4	156.2	26.6	602.2	44.6
47	62.2	1	6	0.8	57	0	0	0	2	0.8	0	0	0.6	0	4.4	70	59	5.8	134.8	5.2
48	180.4	0.2	12.8	1.6	91.8	0	0	0	3.6	1.2	0.4	0	0	0	7.8	195	95.4	9.4	299.8	15.4
49	175.2	0	9.6	1.4	66.8	0	0	0.6	2.8	3.2	0	0.4	0.8	0	8.6	186.2	70.2	13	269.4	20.6
50	116.4	0.8	5.2	1.2	36	0	0	0	0	3	0	0	2	0.4	1.4	123.6	36	6.8	166.4	11.8
51	193.4	0	11	3.6	85.8	0	0	0	2.2	2.6	6	0	1.8	0.6	8.4	208	88	19.4	315.4	20.4
52	105.2	1	3.2	0.6	37	0	0	0	1.4	0	1.4	0	2.8	0.4	3.8	110	38.4	8.4	156.8	4.4
53	235	74.4	14.6	2.2	99.8	0.8	0	0	4.6	5.6	0.8	0.4	1.2	0.8	8.6	326.2	105.2	17.4	448.8	24.6
54	167.4	86.2	11.6	0.4	60.8	0	0	0	3.6	3.8	0	0.4	2	0	14	265.6	64.4	20.2	350.2	14.6
55	379.6	27.6	24.6	0.4	127.6	0	0.2	1.2	7.6	11.2	0	0	6.8	0	13.4	432.2	136.6	31.4	600.2	36.2
56	187.6	22.6	4.4	1.6	95.8	0	0.2	0	4.4	2	6	0.8	1.2	1.2	7.4	216.2	100.4	18.6	335.2	14.6
57	105.6	37.8	7.2	1.4	49.2	0	0	0.8	0	1.6	0.6	0.2	0.6	0.2	0	152	50	3.2	205.2	0
58	94	44.2	3.8	1.4	72	0	0	0	0.8	5.6	2.8	0	0.8	1.6	5	143.4	72.8	15.8	232	12.4
59	124	40.8	0	2.2	88.4	0	0	0.4	3	5.4	0	0	0.4	0.8	2.6	167	91.8	9.2	268	14
60	273.2	13.4	0	2	180.8	0	0	0	6.8	6.4	0	0.8	3.4	3.6	11.6	288.6	187.6	25.8	502	22.2
61	166.4	9	0	1.4	84	0	0.2	0	3.2	8.6	0	0.4	2	0.2	16.4	176.8	87.4	27.6	291.8	13.8
62	133.6	0	0	0.8	64.8	0	0	0	3.6	2.6	2.2	0	3.2	1.2	11.2	134.4	68.4	20.4	223.2	14.6
63	149.8	0.6	0	0	37.8	0	0	0	1.4	0	0.2	0	2.6	0	4.4	150.4	39.2	7.2	196.8	5.8
64	148.8	0	2.2	1.2	61.2	0	0	0	1.6	1.2	0	0.4	1.2	0.2	7	152.2	62.8	10	225	14.4
65	87.8	0	10.4	0.8	73.6	0	0	0	3.2	5.2	3.8	0	2	1.4	10.6	99	76.8	23	198.8	9.8
66	33.8	0	3.8	0.4	21.4	0	0	0	0.4	0	0	0.4	0	0.2	2	38	21.8	2.6	62.4	1.4
67	228	0	17.4	2	102.8	0.8	0	0	4.2	11	4	2.2	3.4	2	8.4	247.4	107.8	31	386.2	30.6
68	245.4	0	8	1	113.4	0	0.2	0	1.6	4.2	1.8	0.6	4.6	2.8	6.4	254.4	115.2	20.4	390	19.6
69	52.4	0	6.2	0.2	37.4	0	0	0	0.2	4.6	2.4	0	4.6	0	3.6	58.8	37.6	15.2	111.6	3.2
70	182.8	0	56	0.2	118.4	0	0.4	0	10.6	7.2	7.8	0.4	1.8	1.6	12.4	239	129.4	31.2	399.6	22
71	289.8	0	92.4	1.2	67.6	0	0	0	6.8	13.4	0	0.4	0.8	1.8	9.6	383.4	74.4	26	483.8	28.2
72	182.2	0.4	19	0.2	39.6	0	0	0	0	2	0	0	4.6	1	4.4	201.8	39.6	12	253.4	6.8
73	279	1.2	77.2	0.8	84.8	0	0.2	0	10	0	0	0.2	6	2.4	13	358.2	95	21.6	474.8	37.8
74	169	1.2	19.2	0	80	0	0.4	0	1.6	7.4	4	0	1.6	1	3.6	189.4	82	17.6	289	9.6
75	165.2	0.8	38.8	1	66	0	0.2	0	1	9.4	0.6	0.4	2	2.4	8.8	205.8	67.2	23.6	296.6	24.8
76	132	0	31.8	0.8	86.4	0	0.2	0.2	5.6	10.2	0	0	1.2	0.8	8.4	164.6	92.4	20.6	277.6	24.8
77	78.4	1	10.4	2.2	81.8	0	0	0	0.2	1.4	1.4	0	1.4	1.2	4.8	92	82	10.2	184.2	8.8
78	58.2	1.6	14	1.4	66	0.4	0.8	0	6.4	3	0	0.6	1	1.2	11.6	75.2	73.6	17.4	166.2	12.8
79	178	0	22.4	1.4	86.4	0	0	0	3	2.2	1.4	0.2	5.6	1	10.6	201.8	89.4	21	312.2	12
80	125.4	0	11.2	1.6	62.8	1.2	0	0	3	4.6	1.6	0	1.8	0	7.2	138.2	67	15.2	220.4	12
81	110.2	0	10.6	1.2	74.6	0.8	0	0	2.8	2.2	3.2	0.2	2.8	1.4	6.8	122	78.2	16.6	216.8	8.4
82	138.6	4	12	0.8	113.2	0	0	0	0	0	0	0	0	0	21.2	155.4	113.2	21.2	289.8	18.4
83	113.8	16.4	24	1.2	77.2	0	0.2	0	7.6	4	0	0.4	1.6	0	8	155.4	85	14	254.4	13.8
84	115.8	2.8	7.8	0.4	62.8	0	0	0	0	1.2	0.4	0	6.2	0	1.8	126.8	62.8	9.6	199.2	14.4
85	51.4	9.2	3.2	0.8	21.4	0	0	0	0	0.2	0	0	0.8	0	1.8	64.6	21.4	2.8	88.8	4
